histogram results

time sudo cyclictest -p 90 -n -m -h 500 -t4 -l 300000
# /dev/cpu_dma_latency set to 0us
policy: fifo: loadavg: 0.57 0.38 0.17 1/177 1160          

T: 0 ( 1129) P:90 I:1000 C: 300000 Min:      5 Act:   13 Avg:   14 Max:     169
T: 1 ( 1130) P:90 I:1000 C: 299986 Min:      4 Act:   11 Avg:   13 Max:     253
T: 2 ( 1131) P:90 I:1000 C: 299970 Min:      5 Act:   11 Avg:   12 Max:     291
T: 3 ( 1132) P:90 I:1000 C: 299955 Min:      5 Act:   11 Avg:   12 Max:      83
# Histogram
000000 000000	000000	000000	000000
000001 000000	000000	000000	000000
000002 000000	000000	000000	000000
000003 000000	000000	000000	000000
000004 000000	000001	000000	000000
000005 001343	001674	001531	001455
000006 001167	001248	001376	001550
000007 000841	000735	000900	000645
000008 000190	000158	000179	000196
000009 000125	000132	000077	000115
000010 000086	001539	000059	000102
000011 062309	066282	069899	065874
000012 005099	010410	006022	008433
000013 129221	131751	138422	153675
000014 053771	063925	065446	045737
000015 005744	006799	007112	007818
000016 002729	003612	003569	004292
000017 001699	002629	002040	002993
000018 002490	001979	001138	002223
000019 004596	001449	000724	001431
000020 003101	001218	000509	001043
000021 001987	000917	000366	000792
000022 001478	000677	000203	000517
000023 001221	000495	000125	000347
000024 001056	000335	000077	000209
000025 000992	000248	000054	000127
000026 001186	000208	000032	000093
000027 001286	000161	000024	000065
000028 001553	000127	000013	000055
000029 001775	000096	000011	000029
000030 001591	000081	000012	000026
000031 001390	000077	000010	000023
000032 001147	000077	000004	000018
000033 000940	000071	000005	000014
000034 000674	000055	000003	000014
000035 000482	000046	000008	000006
000036 000406	000070	000002	000012
000037 000338	000060	000001	000006
000038 000256	000049	000001	000005
000039 000215	000065	000005	000004
000040 000188	000060	000001	000004
000041 000202	000060	000002	000001
000042 000192	000056	000003	000003
000043 000185	000036	000001	000001
000044 000165	000047	000000	000001
000045 000127	000040	000001	000003
000046 000150	000026	000001	000002
000047 000179	000017	000001	000000
000048 000198	000006	000002	000000
000049 000221	000008	000001	000001
000050 000246	000006	000000	000001
000051 000305	000007	000001	000001
000052 000296	000006	000000	000000
000053 000254	000006	000000	000000
000054 000212	000011	000000	000001
000055 000148	000001	000000	000000
000056 000169	000010	000000	000000
000057 000164	000006	000001	000002
000058 000165	000008	000001	000000
000059 000144	000007	000001	000000
000060 000143	000005	000000	000000
000061 000138	000005	000001	000000
000062 000135	000003	000000	000000
000063 000124	000004	000001	000000
000064 000096	000005	000002	000000
000065 000096	000005	000000	000000
000066 000094	000002	000000	000000
000067 000067	000001	000000	000000
000068 000060	000009	000000	000000
000069 000057	000009	000000	000000
000070 000045	000004	000000	000000
000071 000055	000004	000000	000000
000072 000048	000003	000000	000000
000073 000031	000001	000000	000000
000074 000035	000002	000000	000000
000075 000033	000003	000000	000000
000076 000034	000002	000000	000000
000077 000033	000000	000000	000000
000078 000023	000001	000000	000000
000079 000018	000003	000001	000000
000080 000015	000002	000000	000000
000081 000019	000002	000000	000000
000082 000017	000000	000000	000000
000083 000014	000003	000000	000001
000084 000018	000001	000000	000000
000085 000019	000001	000000	000000
000086 000008	000003	000000	000000
000087 000010	000002	000000	000000
000088 000008	000000	000000	000000
000089 000011	000002	000000	000000
000090 000006	000001	000000	000000
000091 000011	000004	000000	000000
000092 000000	000001	000000	000000
000093 000006	000002	000000	000000
000094 000005	000002	000000	000000
000095 000003	000002	000000	000000
000096 000009	000000	000000	000000
000097 000003	000001	000000	000000
000098 000010	000002	000000	000000
000099 000004	000000	000000	000000
000100 000003	000000	000000	000000
000101 000005	000000	000000	000000
000102 000004	000001	000000	000000
000103 000002	000001	000000	000000
000104 000001	000001	000000	000000
000105 000005	000000	000000	000000
000106 000001	000000	000000	000000
000107 000004	000000	000000	000000
000108 000003	000000	000000	000000
000109 000001	000000	000000	000000
000110 000000	000000	000000	000000
000111 000001	000001	000000	000000
000112 000000	000000	000000	000000
000113 000001	000001	000000	000000
000114 000001	000000	000000	000000
000115 000000	000000	000000	000000
000116 000001	000000	000000	000000
000117 000000	000000	000000	000000
000118 000000	000000	000000	000000
000119 000000	000000	000000	000000
000120 000001	000000	000000	000000
000121 000000	000000	000000	000000
000122 000001	000000	000000	000000
000123 000000	000000	000000	000000
000124 000000	000000	000000	000000
000125 000000	000001	000000	000000
000126 000000	000000	000000	000000
000127 000000	000000	000000	000000
000128 000000	000000	000000	000000
000129 000002	000000	000000	000000
000130 000000	000000	000000	000000
000131 000000	000001	000000	000000
000132 000000	000000	000000	000000
000133 000002	000000	000000	000000
000134 000000	000000	000000	000000
000135 000000	000000	000000	000000
000136 000002	000000	000000	000000
000137 000000	000000	000000	000000
000138 000000	000000	000000	000000
000139 000000	000000	000000	000000
000140 000000	000000	000000	000000
000141 000000	000000	000000	000000
000142 000000	000000	000000	000000
000143 000000	000000	000000	000000
000144 000000	000000	000000	000000
000145 000000	000000	000000	000000
000146 000001	000000	000000	000000
000147 000000	000000	000000	000000
000148 000000	000000	000000	000000
000149 000000	000000	000000	000000
000150 000001	000000	000000	000000
000151 000000	000001	000000	000000
000152 000000	000000	000000	000000
000153 000000	000000	000000	000000
000154 000000	000000	000000	000000
000155 000000	000000	000000	000000
000156 000000	000000	000000	000000
000157 000000	000000	000000	000000
000158 000000	000000	000000	000000
000159 000000	000000	000000	000000
000160 000000	000000	000000	000000
000161 000000	000000	000000	000000
000162 000001	000000	000000	000000
000163 000000	000001	000000	000000
000164 000000	000001	000000	000000
000165 000000	000000	000000	000000
000166 000000	000000	000000	000000
000167 000000	000000	000000	000000
000168 000000	000000	000000	000000
000169 000001	000001	000000	000000
000170 000000	000000	000000	000000
000171 000000	000000	000000	000000
000172 000000	000000	000000	000000
000173 000000	000000	000000	000000
000174 000000	000000	000000	000000
000175 000000	000001	000000	000000
000176 000000	000000	000000	000000
000177 000000	000000	000000	000000
000178 000000	000000	000000	000000
000179 000000	000000	000000	000000
000180 000000	000000	000000	000000
000181 000000	000000	000000	000000
000182 000000	000000	000000	000000
000183 000000	000000	000000	000000
000184 000000	000000	000000	000000
000185 000000	000000	000000	000000
000186 000000	000000	000000	000000
000187 000000	000000	000000	000000
000188 000000	000000	000000	000000
000189 000000	000000	000000	000000
000190 000000	000000	000000	000000
000191 000000	000000	000000	000000
000192 000000	000000	000000	000000
000193 000000	000000	000000	000000
000194 000000	000000	000000	000000
000195 000000	000001	000000	000000
000196 000000	000000	000000	000000
000197 000000	000000	000000	000000
000198 000000	000000	000000	000000
000199 000000	000000	000000	000000
000200 000000	000000	000000	000000
000201 000000	000000	000000	000000
000202 000000	000000	000000	000000
000203 000000	000000	000000	000000
000204 000000	000000	000000	000000
000205 000000	000000	000000	000000
000206 000000	000000	000000	000000
000207 000000	000000	000000	000000
000208 000000	000000	000000	000000
000209 000000	000000	000000	000000
000210 000000	000000	000000	000000
000211 000000	000000	000000	000000
000212 000000	000000	000000	000000
000213 000000	000000	000000	000000
000214 000000	000000	000000	000000
000215 000000	000000	000000	000000
000216 000000	000000	000000	000000
000217 000000	000000	000000	000000
000218 000000	000000	000000	000000
000219 000000	000000	000000	000000
000220 000000	000000	000000	000000
000221 000000	000000	000000	000000
000222 000000	000000	000000	000000
000223 000000	000000	000000	000000
000224 000000	000000	000000	000000
000225 000000	000000	000000	000000
000226 000000	000000	000000	000000
000227 000000	000000	000000	000000
000228 000000	000000	000000	000000
000229 000000	000000	000000	000000
000230 000000	000000	000000	000000
000231 000000	000000	000000	000000
000232 000000	000000	000000	000000
000233 000000	000000	000000	000000
000234 000000	000000	000000	000000
000235 000000	000000	000000	000000
000236 000000	000000	000000	000000
000237 000000	000000	000000	000000
000238 000000	000000	000000	000000
000239 000000	000000	000000	000000
000240 000000	000000	000000	000000
000241 000000	000000	000000	000000
000242 000000	000000	000000	000000
000243 000000	000000	000000	000000
000244 000000	000000	000000	000000
000245 000000	000000	000000	000000
000246 000000	000000	000000	000000
000247 000000	000000	000000	000000
000248 000000	000000	000000	000000
000249 000000	000000	000000	000000
000250 000000	000000	000000	000000
000251 000000	000000	000000	000000
000252 000000	000001	000000	000000
000253 000000	000001	000000	000000
000254 000000	000000	000000	000000
000255 000000	000000	000000	000000
000256 000000	000000	000000	000000
000257 000000	000000	000000	000000
000258 000000	000000	000000	000000
000259 000000	000000	000000	000000
000260 000000	000000	000000	000000
000261 000000	000000	000000	000000
000262 000000	000000	000000	000000
000263 000000	000000	000000	000000
000264 000000	000000	000000	000000
000265 000000	000000	000000	000000
000266 000000	000000	000000	000000
000267 000000	000000	000000	000000
000268 000000	000000	000000	000000
000269 000000	000000	000000	000000
000270 000000	000000	000000	000000
000271 000000	000000	000000	000000
000272 000000	000000	000000	000000
000273 000000	000000	000000	000000
000274 000000	000000	000000	000000
000275 000000	000000	000000	000000
000276 000000	000000	000000	000000
000277 000000	000000	000000	000000
000278 000000	000000	000000	000000
000279 000000	000000	000000	000000
000280 000000	000000	000000	000000
000281 000000	000000	000000	000000
000282 000000	000000	000000	000000
000283 000000	000000	000000	000000
000284 000000	000000	000000	000000
000285 000000	000000	000000	000000
000286 000000	000000	000000	000000
000287 000000	000000	000000	000000
000288 000000	000000	000000	000000
000289 000000	000000	000000	000000
000290 000000	000000	000000	000000
000291 000000	000000	000001	000000
000292 000000	000000	000000	000000
000293 000000	000000	000000	000000
000294 000000	000000	000000	000000
000295 000000	000000	000000	000000
000296 000000	000000	000000	000000
000297 000000	000000	000000	000000
000298 000000	000000	000000	000000
000299 000000	000000	000000	000000
000300 000000	000000	000000	000000
000301 000000	000000	000000	000000
000302 000000	000000	000000	000000
000303 000000	000000	000000	000000
000304 000000	000000	000000	000000
000305 000000	000000	000000	000000
000306 000000	000000	000000	000000
000307 000000	000000	000000	000000
000308 000000	000000	000000	000000
000309 000000	000000	000000	000000
000310 000000	000000	000000	000000
000311 000000	000000	000000	000000
000312 000000	000000	000000	000000
000313 000000	000000	000000	000000
000314 000000	000000	000000	000000
000315 000000	000000	000000	000000
000316 000000	000000	000000	000000
000317 000000	000000	000000	000000
000318 000000	000000	000000	000000
000319 000000	000000	000000	000000
000320 000000	000000	000000	000000
000321 000000	000000	000000	000000
000322 000000	000000	000000	000000
000323 000000	000000	000000	000000
000324 000000	000000	000000	000000
000325 000000	000000	000000	000000
000326 000000	000000	000000	000000
000327 000000	000000	000000	000000
000328 000000	000000	000000	000000
000329 000000	000000	000000	000000
000330 000000	000000	000000	000000
000331 000000	000000	000000	000000
000332 000000	000000	000000	000000
000333 000000	000000	000000	000000
000334 000000	000000	000000	000000
000335 000000	000000	000000	000000
000336 000000	000000	000000	000000
000337 000000	000000	000000	000000
000338 000000	000000	000000	000000
000339 000000	000000	000000	000000
000340 000000	000000	000000	000000
000341 000000	000000	000000	000000
000342 000000	000000	000000	000000
000343 000000	000000	000000	000000
000344 000000	000000	000000	000000
000345 000000	000000	000000	000000
000346 000000	000000	000000	000000
000347 000000	000000	000000	000000
000348 000000	000000	000000	000000
000349 000000	000000	000000	000000
000350 000000	000000	000000	000000
000351 000000	000000	000000	000000
000352 000000	000000	000000	000000
000353 000000	000000	000000	000000
000354 000000	000000	000000	000000
000355 000000	000000	000000	000000
000356 000000	000000	000000	000000
000357 000000	000000	000000	000000
000358 000000	000000	000000	000000
000359 000000	000000	000000	000000
000360 000000	000000	000000	000000
000361 000000	000000	000000	000000
000362 000000	000000	000000	000000
000363 000000	000000	000000	000000
000364 000000	000000	000000	000000
000365 000000	000000	000000	000000
000366 000000	000000	000000	000000
000367 000000	000000	000000	000000
000368 000000	000000	000000	000000
000369 000000	000000	000000	000000
000370 000000	000000	000000	000000
000371 000000	000000	000000	000000
000372 000000	000000	000000	000000
000373 000000	000000	000000	000000
000374 000000	000000	000000	000000
000375 000000	000000	000000	000000
000376 000000	000000	000000	000000
000377 000000	000000	000000	000000
000378 000000	000000	000000	000000
000379 000000	000000	000000	000000
000380 000000	000000	000000	000000
000381 000000	000000	000000	000000
000382 000000	000000	000000	000000
000383 000000	000000	000000	000000
000384 000000	000000	000000	000000
000385 000000	000000	000000	000000
000386 000000	000000	000000	000000
000387 000000	000000	000000	000000
000388 000000	000000	000000	000000
000389 000000	000000	000000	000000
000390 000000	000000	000000	000000
000391 000000	000000	000000	000000
000392 000000	000000	000000	000000
000393 000000	000000	000000	000000
000394 000000	000000	000000	000000
000395 000000	000000	000000	000000
000396 000000	000000	000000	000000
000397 000000	000000	000000	000000
000398 000000	000000	000000	000000
000399 000000	000000	000000	000000
000400 000000	000000	000000	000000
000401 000000	000000	000000	000000
000402 000000	000000	000000	000000
000403 000000	000000	000000	000000
000404 000000	000000	000000	000000
000405 000000	000000	000000	000000
000406 000000	000000	000000	000000
000407 000000	000000	000000	000000
000408 000000	000000	000000	000000
000409 000000	000000	000000	000000
000410 000000	000000	000000	000000
000411 000000	000000	000000	000000
000412 000000	000000	000000	000000
000413 000000	000000	000000	000000
000414 000000	000000	000000	000000
000415 000000	000000	000000	000000
000416 000000	000000	000000	000000
000417 000000	000000	000000	000000
000418 000000	000000	000000	000000
000419 000000	000000	000000	000000
000420 000000	000000	000000	000000
000421 000000	000000	000000	000000
000422 000000	000000	000000	000000
000423 000000	000000	000000	000000
000424 000000	000000	000000	000000
000425 000000	000000	000000	000000
000426 000000	000000	000000	000000
000427 000000	000000	000000	000000
000428 000000	000000	000000	000000
000429 000000	000000	000000	000000
000430 000000	000000	000000	000000
000431 000000	000000	000000	000000
000432 000000	000000	000000	000000
000433 000000	000000	000000	000000
000434 000000	000000	000000	000000
000435 000000	000000	000000	000000
000436 000000	000000	000000	000000
000437 000000	000000	000000	000000
000438 000000	000000	000000	000000
000439 000000	000000	000000	000000
000440 000000	000000	000000	000000
000441 000000	000000	000000	000000
000442 000000	000000	000000	000000
000443 000000	000000	000000	000000
000444 000000	000000	000000	000000
000445 000000	000000	000000	000000
000446 000000	000000	000000	000000
000447 000000	000000	000000	000000
000448 000000	000000	000000	000000
000449 000000	000000	000000	000000
000450 000000	000000	000000	000000
000451 000000	000000	000000	000000
000452 000000	000000	000000	000000
000453 000000	000000	000000	000000
000454 000000	000000	000000	000000
000455 000000	000000	000000	000000
000456 000000	000000	000000	000000
000457 000000	000000	000000	000000
000458 000000	000000	000000	000000
000459 000000	000000	000000	000000
000460 000000	000000	000000	000000
000461 000000	000000	000000	000000
000462 000000	000000	000000	000000
000463 000000	000000	000000	000000
000464 000000	000000	000000	000000
000465 000000	000000	000000	000000
000466 000000	000000	000000	000000
000467 000000	000000	000000	000000
000468 000000	000000	000000	000000
000469 000000	000000	000000	000000
000470 000000	000000	000000	000000
000471 000000	000000	000000	000000
000472 000000	000000	000000	000000
000473 000000	000000	000000	000000
000474 000000	000000	000000	000000
000475 000000	000000	000000	000000
000476 000000	000000	000000	000000
000477 000000	000000	000000	000000
000478 000000	000000	000000	000000
000479 000000	000000	000000	000000
000480 000000	000000	000000	000000
000481 000000	000000	000000	000000
000482 000000	000000	000000	000000
000483 000000	000000	000000	000000
000484 000000	000000	000000	000000
000485 000000	000000	000000	000000
000486 000000	000000	000000	000000
000487 000000	000000	000000	000000
000488 000000	000000	000000	000000
000489 000000	000000	000000	000000
000490 000000	000000	000000	000000
000491 000000	000000	000000	000000
000492 000000	000000	000000	000000
000493 000000	000000	000000	000000
000494 000000	000000	000000	000000
000495 000000	000000	000000	000000
000496 000000	000000	000000	000000
000497 000000	000000	000000	000000
000498 000000	000000	000000	000000
000499 000000	000000	000000	000000
# Total: 000300000 000299997 000299982 000299966
# Min Latencies: 00005 00004 00005 00005
# Avg Latencies: 00014 00013 00012 00012
# Max Latencies: 00169 00253 00291 00083
# Histogram Overflows: 00000 00000 00000 00000
# Histogram Overflow at cycle number:
# Thread 0:
# Thread 1:
# Thread 2:
# Thread 3:


real	5m0.214s
user	0m7.628s
sys	0m17.804s


